developer		[0, 26, 32, 60, 71, 112, 118, 178, 194, 228, 352, 372, 420, 536, 594, 654, 684, 711, 727, 746, 791, 817, 822, 851, 860, 905, 911, 971, 987, 1021, 1144, 1164, 1212, 1328, 1386, 1447, 1477, 1503, 1519, 1539, 1582, 1608, 1614, 1642, 1653, 1696, 1702, 1762, 1778, 1812, 1936, 1956, 2004, 2120, 2178, 2238, 2268, 2295, 2311, 2330, 2375, 2401, 2406, 2435, 2444, 2489, 2495, 2555, 2571, 2605, 2728, 2748, 2796, 2912, 2969, 3030, 3060, 3086, 3102, 3122]
designer		[1, 47, 53, 84, 92, 98, 145, 182, 275, 319, 325, 383, 403, 447, 561, 619, 659, 721, 741, 769, 790, 836, 842, 874, 882, 888, 936, 974, 1066, 1111, 1117, 1175, 1195, 1239, 1353, 1411, 1450, 1512, 1532, 1561, 1583, 1629, 1635, 1667, 1675, 1681, 1729, 1766, 1859, 1903, 1909, 1967, 1987, 2031, 2145, 2203, 2243, 2305, 2325, 2353, 2374, 2420, 2426, 2458, 2466, 2472, 2520, 2558, 2650, 2695, 2701, 2759, 2779, 2823, 2937, 2994, 3033, 3095, 3115, 3144]
mechanic		[2, 48, 64, 72, 99, 140, 158, 318, 370, 378, 466, 480, 526, 600, 610, 620, 626, 660, 662, 686, 793, 839, 855, 863, 891, 933, 950, 1110, 1162, 1170, 1258, 1272, 1318, 1392, 1402, 1412, 1419, 1453, 1455, 1479, 1584, 1630, 1646, 1654, 1682, 1724, 1742, 1902, 1954, 1962, 2050, 2064, 2110, 2184, 2194, 2204, 2210, 2244, 2246, 2270, 2377, 2423, 2439, 2447, 2475, 2517, 2534, 2694, 2746, 2754, 2842, 2856, 2902, 2975, 2985, 2995, 3002, 3036, 3038, 3062, 3279, 3280, 3282, 3283]
clerk		[3, 31, 90, 148, 165, 171, 187, 229, 233, 265, 297, 369, 377, 405, 427, 445, 539, 585, 633, 725, 792, 820, 880, 941, 956, 962, 978, 1020, 1024, 1056, 1088, 1161, 1169, 1197, 1219, 1237, 1330, 1377, 1424, 1516, 1585, 1613, 1673, 1732, 1749, 1755, 1771, 1813, 1817, 1849, 1881, 1953, 1961, 1989, 2011, 2029, 2123, 2169, 2217, 2309, 2376, 2404, 2464, 2525, 2540, 2546, 2562, 2604, 2608, 2640, 2672, 2745, 2753, 2781, 2803, 2821, 2914, 2960, 3007, 3099, 3243, 3244, 3246, 3247]
mover		[4, 16, 42, 120, 122, 192, 296, 332, 348, 380, 424, 436, 518, 534, 664, 682, 691, 706, 740, 780, 795, 807, 832, 913, 915, 985, 1089, 1124, 1141, 1172, 1216, 1229, 1310, 1326, 1457, 1475, 1483, 1499, 1533, 1573, 1586, 1598, 1624, 1704, 1706, 1776, 1880, 1916, 1932, 1964, 2008, 2020, 2102, 2118, 2248, 2266, 2275, 2290, 2324, 2364, 2379, 2391, 2416, 2497, 2499, 2569, 2673, 2708, 2725, 2756, 2800, 2813, 2894, 2910, 3040, 3058, 3066, 3082, 3116, 3156]
housekeeper		[5, 9, 21, 88, 159, 189, 190, 299, 301, 411, 423, 477, 483, 604, 637, 639, 655, 716, 733, 794, 798, 810, 878, 951, 980, 982, 1090, 1092, 1203, 1215, 1269, 1275, 1397, 1428, 1430, 1446, 1508, 1524, 1587, 1591, 1603, 1671, 1743, 1773, 1774, 1883, 1885, 1995, 2007, 2061, 2067, 2188, 2221, 2223, 2239, 2300, 2317, 2378, 2382, 2394, 2462, 2535, 2564, 2566, 2674, 2676, 2787, 2799, 2853, 2859, 2980, 3011, 3013, 3029, 3091, 3107]
analyst		[6, 81, 144, 236, 268, 294, 310, 316, 334, 406, 430, 440, 570, 578, 588, 632, 676, 732, 773, 796, 873, 937, 1029, 1061, 1086, 1103, 1108, 1126, 1198, 1222, 1233, 1362, 1370, 1380, 1425, 1469, 1525, 1565, 1588, 1664, 1728, 1820, 1852, 1878, 1894, 1900, 1918, 1990, 2014, 2024, 2154, 2162, 2172, 2216, 2260, 2316, 2357, 2380, 2457, 2521, 2613, 2645, 2670, 2687, 2692, 2710, 2782, 2806, 2817, 2945, 2953, 2963, 3008, 3052, 3108, 3148]
assistant		[7, 39, 73, 101, 123, 127, 151, 219, 221, 329, 361, 397, 401, 473, 551, 573, 669, 701, 784, 797, 828, 862, 892, 914, 919, 943, 1010, 1012, 1121, 1152, 1189, 1193, 1265, 1343, 1365, 1460, 1492, 1577, 1589, 1621, 1655, 1684, 1707, 1711, 1735, 1803, 1805, 1913, 1945, 1981, 1985, 2057, 2135, 2157, 2253, 2285, 2368, 2381, 2412, 2446, 2476, 2498, 2503, 2527, 2594, 2596, 2705, 2736, 2773, 2777, 2849, 2927, 2948, 3043, 3075, 3160]
chief		[8, 110, 152, 154, 164, 202, 256, 364, 382, 390, 396, 520, 557, 558, 586, 672, 748, 756, 764, 786, 799, 903, 945, 947, 957, 995, 1049, 1156, 1174, 1182, 1188, 1312, 1348, 1351, 1378, 1465, 1541, 1549, 1557, 1578, 1590, 1694, 1736, 1738, 1748, 1786, 1840, 1948, 1966, 1974, 1980, 2104, 2141, 2142, 2170, 2256, 2332, 2340, 2348, 2370, 2383, 2487, 2529, 2531, 2541, 2579, 2633, 2740, 2758, 2766, 2772, 2896, 2932, 2935, 2961, 3048, 3124, 3132, 3140, 3161]
salesperson		[10, 38, 44, 85, 170, 198, 254, 278, 340, 388, 454, 482, 488, 508, 514, 544, 581, 648, 689, 768, 801, 829, 835, 877, 963, 991, 1047, 1071, 1132, 1180, 1246, 1274, 1280, 1300, 1306, 1336, 1372, 1441, 1481, 1560, 1592, 1620, 1626, 1668, 1754, 1782, 1838, 1862, 1924, 1972, 2038, 2066, 2072, 2092, 2098, 2128, 2165, 2232, 2273, 2352, 2385, 2413, 2419, 2461, 2547, 2575, 2631, 2655, 2716, 2764, 2830, 2858, 2864, 2884, 2890, 2920, 2955, 3024, 3064, 3143, 3321, 3322, 3324, 3325]
librarian		[11, 107, 108, 179, 263, 267, 281, 285, 302, 335, 355, 391, 467, 491, 495, 519, 647, 705, 736, 783, 800, 898, 901, 970, 1054, 1058, 1072, 1076, 1094, 1127, 1147, 1183, 1259, 1283, 1287, 1311, 1438, 1496, 1528, 1574, 1593, 1691, 1692, 1763, 1847, 1851, 1865, 1869, 1886, 1919, 1939, 1975, 2051, 2075, 2079, 2103, 2231, 2289, 2320, 2367, 2384, 2482, 2485, 2554, 2638, 2642, 2656, 2660, 2678, 2711, 2731, 2767, 2843, 2867, 2871, 2895, 3021, 3079, 3111, 3157, 3351, 3352, 3354, 3355]
lawyer		[12, 67, 116, 175, 214, 266, 400, 410, 418, 426, 460, 486, 548, 564, 598, 618, 634, 642, 695, 777, 803, 856, 909, 967, 1007, 1059, 1192, 1202, 1210, 1218, 1252, 1278, 1340, 1356, 1391, 1410, 1427, 1435, 1487, 1594, 1649, 1700, 1759, 1798, 1850, 1984, 1994, 2002, 2010, 2044, 2070, 2132, 2148, 2182, 2202, 2218, 2226, 2279, 2361, 2387, 2440, 2493, 2551, 2591, 2643, 2776, 2786, 2794, 2802, 2836, 2862, 2924, 2974, 2993, 3010, 3018, 3070, 3152, 3531, 3532, 3534, 3535]
hairdresser		[13, 17, 25, 27, 29, 55, 59, 177, 203, 271, 305, 321, 415, 441, 489, 505, 511, 593, 611, 752, 802, 806, 815, 816, 818, 844, 849, 968, 994, 1062, 1096, 1113, 1207, 1232, 1281, 1297, 1303, 1385, 1403, 1544, 1595, 1599, 1607, 1609, 1611, 1637, 1641, 1761, 1787, 1855, 1889, 1905, 1999, 2025, 2073, 2089, 2095, 2177, 2195, 2336, 2386, 2390, 2399, 2400, 2402, 2428, 2433, 2552, 2578, 2646, 2680, 2697, 2791, 2816, 2865, 2881, 2887, 2968, 2986, 3127, 3693, 3694, 3696, 3697]
cook		[14, 24, 87, 91, 102, 284, 330, 404, 412, 442, 456, 528, 547, 552, 566, 622, 652, 696, 731, 766, 805, 814, 879, 883, 893, 1077, 1122, 1196, 1204, 1234, 1248, 1320, 1338, 1344, 1358, 1415, 1445, 1489, 1523, 1559, 1596, 1606, 1670, 1674, 1685, 1868, 1914, 1988, 1996, 2026, 2040, 2112, 2131, 2136, 2150, 2206, 2236, 2280, 2315, 2350, 2389, 2398, 2463, 2467, 2477, 2661, 2706, 2780, 2788, 2818, 2832, 2904, 2922, 2928, 2941, 2998, 3028, 3072, 3106, 3142]
teacher		[15, 104, 131, 173, 207, 237, 249, 339, 349, 365, 399, 421, 459, 531, 582, 599, 627, 649, 751, 788, 804, 894, 922, 964, 998, 1028, 1040, 1131, 1140, 1157, 1191, 1213, 1251, 1323, 1375, 1390, 1418, 1440, 1542, 1581, 1597, 1687, 1715, 1757, 1791, 1821, 1833, 1923, 1933, 1949, 1983, 2005, 2043, 2115, 2166, 2183, 2211, 2233, 2335, 2372, 2388, 2478, 2506, 2548, 2582, 2612, 2624, 2715, 2724, 2741, 2775, 2797, 2835, 2907, 2958, 2973, 3001, 3023, 3125, 3164, 3519, 3520, 3522, 3523]
physician		[18, 52, 56, 76, 126, 172, 290, 366, 374, 384, 468, 496, 574, 584, 640, 712, 717, 737, 753, 774, 809, 843, 847, 867, 918, 965, 1082, 1158, 1166, 1176, 1260, 1288, 1366, 1376, 1433, 1505, 1509, 1529, 1545, 1600, 1634, 1638, 1658, 1710, 1756, 1874, 1950, 1958, 1968, 2052, 2080, 2158, 2168, 2224, 2296, 2301, 2321, 2337, 2358, 2393, 2427, 2431, 2451, 2502, 2549, 2666, 2742, 2750, 2760, 2844, 2872, 2949, 2959, 3016, 3088, 3092, 3112, 3128, 3150, 3411, 3412, 3414, 3415]
baker		[19, 51, 174, 257, 272, 279, 289, 311, 331, 347, 433, 535, 603, 617, 629, 651, 687, 722, 743, 747, 808, 840, 966, 1048, 1064, 1070, 1080, 1102, 1123, 1139, 1224, 1327, 1395, 1409, 1421, 1442, 1478, 1514, 1534, 1538, 1601, 1633, 1758, 1841, 1856, 1863, 1873, 1895, 1915, 1931, 2017, 2119, 2187, 2201, 2213, 2235, 2271, 2306, 2327, 2331, 2392, 2424, 2550, 2632, 2648, 2654, 2664, 2686, 2707, 2723, 2808, 2911, 2978, 2992, 3004, 3025, 3061, 3097, 3117, 3121, 3711, 3712, 3714, 3715]
farmer		[20, 46, 62, 103, 223, 234, 244, 250, 282, 304, 376, 386, 428, 432, 532, 644, 699, 700, 708, 782, 811, 837, 853, 895, 1014, 1027, 1037, 1043, 1075, 1097, 1168, 1178, 1220, 1225, 1325, 1437, 1491, 1493, 1501, 1575, 1602, 1628, 1644, 1686, 1807, 1818, 1828, 1834, 1866, 1888, 1960, 1970, 2012, 2016, 2116, 2228, 2283, 2284, 2292, 2366, 2395, 2421, 2437, 2479, 2598, 2611, 2621, 2627, 2659, 2681, 2752, 2762, 2804, 2809, 2909, 3020, 3074, 3076, 3084, 3158]
CEO		[22, 34, 105, 109, 134, 216, 252, 264, 274, 276, 288, 300, 342, 414, 450, 464, 608, 750, 812, 825, 897, 900, 927, 1009, 1045, 1057, 1067, 1069, 1081, 1093, 1134, 1206, 1242, 1256, 1400, 1543, 1604, 1616, 1688, 1693, 1718, 1800, 1836, 1848, 1858, 1860, 1872, 1884, 1926, 1998, 2034, 2048, 2192, 2334, 2396, 2409, 2481, 2484, 2511, 2593, 2629, 2641, 2651, 2653, 2665, 2677, 2718, 2790, 2826, 2840, 2983, 3126]
nurse		[23, 77, 115, 209, 222, 231, 239, 261, 313, 317, 327, 507, 509, 527, 587, 635, 653, 679, 685, 707, 813, 866, 907, 1001, 1015, 1022, 1030, 1052, 1104, 1109, 1119, 1299, 1301, 1319, 1379, 1426, 1444, 1470, 1476, 1498, 1605, 1659, 1699, 1793, 1806, 1815, 1823, 1845, 1897, 1901, 1911, 2091, 2093, 2111, 2171, 2219, 2237, 2263, 2269, 2291, 2397, 2450, 2491, 2585, 2599, 2606, 2614, 2636, 2688, 2693, 2703, 2883, 2885, 2903, 2962, 3009, 3027, 3053, 3059, 3081, 3429, 3430, 3432, 3433]
manager		[28, 50, 68, 75, 142, 160, 224, 232, 248, 292, 314, 326, 422, 462, 478, 550, 596, 658, 704, 819, 841, 859, 864, 935, 953, 1017, 1025, 1041, 1085, 1106, 1118, 1214, 1254, 1270, 1342, 1389, 1451, 1497, 1610, 1632, 1650, 1657, 1726, 1744, 1808, 1816, 1832, 1876, 1898, 1910, 2006, 2046, 2062, 2134, 2180, 2242, 2288, 2403, 2425, 2443, 2448, 2519, 2537, 2601, 2609, 2625, 2669, 2690, 2702, 2798, 2838, 2854, 2926, 2972, 3034, 3080, 3285, 3286, 3288, 3289]
driver		[30, 58, 146, 188, 230, 258, 280, 358, 362, 448, 452, 458, 470, 492, 542, 656, 720, 738, 742, 785, 821, 848, 939, 981, 1023, 1051, 1073, 1150, 1155, 1240, 1244, 1250, 1262, 1284, 1334, 1449, 1513, 1531, 1535, 1576, 1612, 1640, 1730, 1772, 1814, 1842, 1864, 1942, 1946, 2032, 2036, 2042, 2054, 2076, 2126, 2240, 2304, 2322, 2326, 2369, 2405, 2432, 2523, 2565, 2607, 2635, 2657, 2734, 2739, 2824, 2828, 2834, 2846, 2868, 2918, 3032, 3096, 3114, 3118, 3159]
auditor		[33, 40, 49, 215, 225, 241, 251, 291, 341, 351, 363, 381, 451, 568, 615, 675, 745, 749, 767, 823, 831, 838, 1006, 1016, 1032, 1042, 1083, 1133, 1143, 1154, 1173, 1243, 1361, 1407, 1466, 1536, 1540, 1558, 1615, 1622, 1631, 1799, 1809, 1825, 1835, 1875, 1925, 1935, 1947, 1965, 2035, 2152, 2199, 2259, 2329, 2333, 2351, 2407, 2415, 2422, 2590, 2600, 2616, 2626, 2667, 2717, 2727, 2738, 2757, 2827, 2944, 2990, 3049, 3119, 3123, 3141, 3789, 3790, 3792, 3793]
receptionist		[35, 66, 100, 128, 227, 243, 283, 295, 437, 479, 517, 525, 537, 543, 546, 580, 591, 641, 673, 681, 824, 857, 890, 920, 1018, 1034, 1074, 1087, 1228, 1271, 1309, 1317, 1329, 1335, 1339, 1373, 1383, 1432, 1464, 1472, 1617, 1648, 1683, 1712, 1811, 1827, 1867, 1879, 2021, 2063, 2101, 2109, 2121, 2127, 2130, 2164, 2175, 2225, 2257, 2265, 2408, 2441, 2474, 2504, 2602, 2618, 2658, 2671, 2812, 2855, 2893, 2901, 2913, 2919, 2923, 2956, 2966, 3015, 3047, 3055, 3339, 3340, 3342, 3343]
guard		[36, 41, 94, 183, 206, 226, 286, 312, 354, 408, 434, 438, 522, 538, 572, 592, 628, 630, 734, 827, 830, 884, 975, 999, 1019, 1079, 1105, 1146, 1200, 1227, 1230, 1314, 1331, 1364, 1384, 1420, 1422, 1527, 1618, 1623, 1677, 1767, 1790, 1810, 1870, 1896, 1938, 1992, 2018, 2022, 2106, 2122, 2156, 2176, 2212, 2214, 2318, 2411, 2414, 2468, 2559, 2583, 2603, 2663, 2689, 2730, 2784, 2811, 2814, 2898, 2915, 2947, 2967, 3003, 3005, 3110]
editor		[37, 65, 80, 125, 213, 343, 353, 375, 425, 429, 443, 449, 463, 485, 579, 643, 688, 761, 762, 765, 826, 854, 871, 916, 1004, 1135, 1145, 1167, 1217, 1221, 1235, 1241, 1255, 1276, 1371, 1434, 1480, 1553, 1554, 1556, 1619, 1647, 1662, 1709, 1797, 1927, 1937, 1959, 2009, 2013, 2027, 2033, 2047, 2069, 2163, 2227, 2272, 2345, 2346, 2349, 2410, 2438, 2455, 2500, 2588, 2719, 2729, 2751, 2801, 2805, 2819, 2825, 2839, 2860, 2954, 3017, 3063, 3136, 3137, 3139]
secretary		[43, 82, 119, 133, 181, 184, 195, 205, 287, 359, 385, 515, 559, 563, 565, 601, 671, 697, 698, 833, 872, 910, 925, 972, 976, 986, 996, 1078, 1151, 1177, 1307, 1350, 1355, 1357, 1393, 1462, 1488, 1490, 1625, 1665, 1703, 1717, 1765, 1768, 1779, 1789, 1871, 1943, 1969, 2099, 2143, 2147, 2149, 2185, 2255, 2281, 2282, 2417, 2456, 2494, 2509, 2556, 2560, 2570, 2580, 2662, 2735, 2761, 2891, 2934, 2939, 2940, 2976, 3045, 3071, 3073, 3873, 3874, 3876, 3877]
cleaner		[45, 69, 70, 93, 193, 197, 269, 277, 357, 417, 469, 471, 475, 487, 529, 533, 625, 663, 693, 787, 834, 858, 861, 885, 984, 988, 1060, 1068, 1149, 1209, 1261, 1263, 1267, 1279, 1321, 1324, 1417, 1454, 1484, 1579, 1627, 1651, 1652, 1676, 1777, 1781, 1853, 1861, 1941, 2001, 2053, 2055, 2059, 2071, 2113, 2117, 2209, 2247, 2277, 2371, 2418, 2442, 2445, 2469, 2568, 2572, 2644, 2652, 2733, 2793, 2845, 2847, 2851, 2863, 2905, 2908, 3000, 3037, 3067, 3162]
laborer		[54, 95, 114, 129, 186, 191, 204, 212, 218, 220, 240, 303, 338, 346, 402, 512, 576, 624, 714, 758, 845, 887, 906, 921, 979, 983, 997, 1005, 1011, 1013, 1033, 1095, 1130, 1138, 1194, 1305, 1368, 1416, 1507, 1551, 1636, 1678, 1698, 1713, 1770, 1775, 1788, 1796, 1802, 1804, 1824, 1887, 1922, 1930, 1986, 2096, 2160, 2208, 2298, 2342, 2429, 2471, 2490, 2505, 2563, 2567, 2581, 2589, 2595, 2597, 2617, 2679, 2714, 2722, 2778, 2889, 2951, 2999, 3090, 3134]
cashier		[57, 96, 117, 121, 141, 163, 199, 217, 293, 307, 373, 387, 407, 435, 453, 501, 541, 556, 613, 623, 846, 886, 908, 912, 932, 954, 990, 1008, 1084, 1098, 1165, 1179, 1199, 1226, 1245, 1293, 1333, 1349, 1405, 1414, 1639, 1679, 1701, 1705, 1725, 1747, 1783, 1801, 1877, 1891, 1957, 1971, 1991, 2019, 2037, 2085, 2125, 2140, 2197, 2207, 2430, 2470, 2492, 2496, 2516, 2538, 2574, 2592, 2668, 2682, 2749, 2763, 2783, 2810, 2829, 2877, 2917, 2933, 2988, 2997, 3783, 3784, 3786, 3787]
tailor		[61, 63, 147, 167, 315, 371, 389, 457, 465, 521, 555, 631, 667, 677, 683, 694, 715, 719, 755, 775, 850, 852, 938, 958, 1107, 1163, 1181, 1249, 1257, 1313, 1347, 1423, 1458, 1468, 1474, 1486, 1506, 1510, 1546, 1566, 1567, 1643, 1645, 1731, 1751, 1899, 1955, 1973, 2041, 2049, 2105, 2139, 2215, 2251, 2261, 2267, 2278, 2299, 2303, 2339, 2359, 2434, 2436, 2522, 2542, 2691, 2747, 2765, 2833, 2841, 2897, 2931, 3006, 3041, 3051, 3057, 3069, 3089, 3093, 3129, 3149]
writer		[74, 86, 111, 113, 139, 156, 247, 323, 367, 409, 461, 481, 553, 571, 609, 645, 665, 728, 739, 865, 876, 902, 904, 930, 948, 1038, 1114, 1159, 1201, 1253, 1273, 1345, 1363, 1401, 1436, 1456, 1520, 1530, 1656, 1669, 1695, 1697, 1723, 1740, 1831, 1907, 1951, 1993, 2045, 2065, 2137, 2155, 2193, 2229, 2249, 2312, 2323, 2449, 2460, 2486, 2488, 2514, 2532, 2622, 2698, 2743, 2785, 2837, 2857, 2929, 2946, 2984, 3019, 3039, 3103, 3113]
construction worker		[78, 130, 132, 166, 168, 176, 210, 246, 260, 273, 298, 356, 444, 446, 490, 540, 569, 590, 668, 869, 870, 923, 924, 959, 961, 969, 1003, 1039, 1053, 1065, 1091, 1148, 1236, 1238, 1282, 1332, 1360, 1382, 1461, 1660, 1663, 1714, 1716, 1750, 1752, 1760, 1794, 1830, 1844, 1857, 1882, 1940, 2028, 2030, 2074, 2124, 2153, 2174, 2252, 2453, 2454, 2507, 2508, 2543, 2545, 2553, 2587, 2623, 2637, 2649, 2675, 2732, 2820, 2822, 2866, 2916, 2943, 2965, 3044]
counselor		[79, 155, 245, 253, 259, 345, 419, 455, 497, 499, 513, 523, 567, 597, 607, 661, 690, 710, 770, 772, 868, 946, 1036, 1044, 1050, 1137, 1211, 1247, 1289, 1291, 1304, 1315, 1359, 1388, 1399, 1452, 1482, 1502, 1562, 1564, 1661, 1739, 1829, 1837, 1843, 1929, 2003, 2039, 2081, 2083, 2097, 2107, 2151, 2181, 2191, 2245, 2274, 2294, 2354, 2356, 2452, 2530, 2620, 2628, 2634, 2721, 2795, 2831, 2873, 2875, 2888, 2899, 2942, 2971, 2982, 3035, 3065, 3085, 3145, 3147, 3249, 3250, 3252, 3253]
carpenter		[83, 89, 136, 200, 208, 242, 320, 398, 416, 472, 494, 498, 562, 612, 616, 636, 666, 729, 744, 760, 875, 881, 929, 993, 1000, 1035, 1112, 1190, 1208, 1264, 1286, 1290, 1354, 1404, 1408, 1429, 1459, 1521, 1537, 1552, 1666, 1672, 1720, 1784, 1792, 1826, 1904, 1982, 2000, 2056, 2078, 2082, 2146, 2196, 2200, 2220, 2250, 2313, 2328, 2344, 2459, 2465, 2513, 2577, 2584, 2619, 2696, 2774, 2792, 2848, 2870, 2874, 2938, 2987, 2991, 3012, 3042, 3104, 3120, 3135, 3423, 3424, 3426, 3427]
janitor		[97, 106, 150, 157, 185, 196, 344, 392, 395, 484, 500, 504, 506, 605, 650, 674, 680, 724, 754, 778, 789, 889, 899, 942, 949, 977, 989, 1136, 1184, 1186, 1277, 1292, 1296, 1298, 1396, 1443, 1467, 1473, 1517, 1547, 1571, 1580, 1680, 1690, 1734, 1741, 1769, 1780, 1928, 1976, 1979, 2068, 2084, 2088, 2090, 2189, 2234, 2258, 2264, 2308, 2338, 2362, 2373, 2473, 2483, 2526, 2533, 2561, 2573, 2720, 2768, 2770, 2861, 2876, 2880, 2882, 2979, 3026, 3050, 3056, 3100, 3130, 3154, 3163, 3387, 3388, 3390, 3391]
supervisor		[124, 149, 162, 238, 262, 270, 308, 322, 350, 360, 476, 516, 554, 560, 583, 602, 606, 670, 692, 702, 917, 940, 955, 1031, 1055, 1063, 1101, 1115, 1142, 1153, 1268, 1308, 1346, 1352, 1374, 1394, 1398, 1463, 1485, 1495, 1708, 1733, 1746, 1822, 1846, 1854, 1892, 1906, 1934, 1944, 2060, 2100, 2138, 2144, 2167, 2186, 2190, 2254, 2276, 2286, 2501, 2524, 2539, 2615, 2639, 2647, 2685, 2699, 2726, 2737, 2852, 2892, 2930, 2936, 2957, 2977, 2981, 3046, 3068, 3078, 3195, 3196, 3198, 3199]
attendant		[135, 143, 169, 201, 337, 379, 431, 493, 545, 575, 703, 709, 726, 730, 735, 757, 759, 776, 779, 781, 926, 934, 960, 992, 1129, 1171, 1223, 1285, 1337, 1367, 1494, 1500, 1518, 1522, 1526, 1548, 1550, 1568, 1569, 1570, 1572, 1719, 1727, 1753, 1785, 1921, 1963, 2015, 2077, 2129, 2159, 2287, 2293, 2310, 2314, 2319, 2341, 2343, 2360, 2363, 2365, 2510, 2518, 2544, 2576, 2713, 2755, 2807, 2869, 2921, 2950, 3077, 3083, 3101, 3105, 3109, 3131, 3133, 3151, 3153, 3155]
accountant		[137, 153, 161, 211, 235, 255, 309, 333, 393, 394, 413, 439, 503, 549, 577, 589, 595, 621, 657, 713, 896, 928, 944, 952, 1002, 1026, 1046, 1100, 1125, 1185, 1187, 1205, 1231, 1295, 1341, 1369, 1381, 1387, 1413, 1448, 1504, 1689, 1721, 1737, 1745, 1795, 1819, 1839, 1893, 1917, 1977, 1978, 1997, 2023, 2087, 2133, 2161, 2173, 2179, 2205, 2241, 2297, 2480, 2512, 2528, 2536, 2586, 2610, 2630, 2684, 2709, 2769, 2771, 2789, 2815, 2879, 2925, 2952, 2964, 2970, 2996, 3031, 3087, 3183, 3184, 3186, 3187]
sheriff		[138, 180, 306, 324, 328, 336, 368, 474, 502, 510, 524, 530, 614, 638, 646, 678, 718, 723, 763, 771, 931, 973, 1099, 1116, 1120, 1128, 1160, 1266, 1294, 1302, 1316, 1322, 1406, 1431, 1439, 1471, 1511, 1515, 1555, 1563, 1722, 1764, 1890, 1908, 1912, 1920, 1952, 2058, 2086, 2094, 2108, 2114, 2198, 2222, 2230, 2262, 2302, 2307, 2347, 2355, 2515, 2557, 2683, 2700, 2704, 2712, 2744, 2850, 2878, 2886, 2900, 2906, 2989, 3014, 3022, 3054, 3094, 3098, 3138, 3146]
customer		[3165, 3166, 3237, 3238, 3273, 3274, 3291, 3292, 3327, 3328, 3453, 3454, 3705, 3706, 3777, 3778, 3819, 3820]
technician		[3171, 3172, 3174, 3175]
taxpayer		[3177, 3178, 3795, 3796]
employee		[3189, 3190]
engineer		[3201, 3202, 3204, 3205]
client		[3207, 3208, 3699, 3700, 3735, 3736, 3807, 3808, 3831, 3832]
pedestrian		[3213, 3214]
worker		[3219, 3220, 3222, 3223]
student		[3225, 3226, 3513, 3514, 3579, 3580, 3681, 3682, 3723, 3724]
educator		[3231, 3232, 3234, 3235]
patient		[3255, 3256, 3369, 3370, 3399, 3400, 3405, 3406, 3435, 3436, 3465, 3466, 3549, 3550, 3669, 3670, 3741, 3742, 3849, 3850]
homeowner		[3261, 3262, 3477, 3478, 3567, 3568]
inspector		[3267, 3268, 3270, 3271]
therapist		[3297, 3298, 3300, 3301]
teenager		[3303, 3304]
undergraduate		[3309, 3310, 3759, 3760]
administrator		[3315, 3316, 3318, 3319]
visitor		[3333, 3334, 3633, 3634, 3879, 3880]
child		[3345, 3346, 3381, 3382, 3585, 3586, 3645, 3646, 3861, 3862]
advisee		[3357, 3358]
advisor		[3363, 3364, 3366, 3367]
pharmacist		[3375, 3376, 3378, 3379]
psychologist		[3393, 3394, 3396, 3397]
onlooker		[3417, 3418]
witness		[3441, 3442, 3525, 3526]
investigator		[3447, 3448, 3450, 3451]
bartender		[3459, 3460, 3462, 3463]
specialist		[3471, 3472, 3474, 3475]
electrician		[3483, 3484, 3486, 3487]
officer		[3489, 3490, 3492, 3493]
protester		[3495, 3496]
pathologist		[3501, 3502, 3504, 3505]
victim		[3507, 3508, 3621, 3622]
resident		[3537, 3538]
planner		[3543, 3544, 3546, 3547]
practitioner		[3555, 3556, 3558, 3559]
plumber		[3561, 3562, 3564, 3565]
instructor		[3573, 3574, 3576, 3577]
surgeon		[3591, 3592, 3594, 3595]
owner		[3597, 3598]
veterinarian		[3603, 3604, 3606, 3607]
paramedic		[3609, 3610, 3612, 3613]
passenger		[3615, 3616]
examiner		[3627, 3628, 3630, 3631]
chemist		[3639, 3640, 3642, 3643]
machinist		[3651, 3652, 3654, 3655]
buyer		[3657, 3658]
appraiser		[3663, 3664, 3666, 3667]
nutritionist		[3675, 3676, 3678, 3679]
architect		[3687, 3688, 3690, 3691]
programmer		[3717, 3718, 3720, 3721]
paralegal		[3729, 3730, 3732, 3733]
hygienist		[3747, 3748, 3750, 3751]
scientist		[3753, 3754, 3756, 3757]
dispatcher		[3765, 3766, 3768, 3769]
bystander		[3771, 3772]
dietitian		[3801, 3802, 3804, 3805]
painter		[3813, 3814, 3816, 3817]
broker		[3825, 3826, 3828, 3829]
guest		[3837, 3838]
chef		[3843, 3844, 3846, 3847]
doctor		[3855, 3856, 3858, 3859]
firefighter		[3867, 3868, 3870, 3871]